## Video Parameters
left_video_path = I:\\Capture170810\\video_04\\raw\\video_left.h264
right_video_path =  I:\\Capture170810\\video_04\\raw\\video_right.h264
video_alignment = -1

## Stereo Parameters
# common
# if don't need to rect, l_fx, l_cx, l_cy, tr_x are needed
need_rect = true
prescale = 0.5
# camera matrix and dist coeffs of left camera
l_fx = 1913.570357870300
l_fy = 1911.673741716337
l_cx = 978.2503247295590
l_cy = 597.5234837578698
l_k1 = -0.446625254806059
l_k2 = 0.263269797805976
l_k3 = -0.071769704566470
l_p1 = 0.001203668229826
l_p2 = -0.000834763926887
# camera matrix and dist coeffs of right camera
r_fx = 1919.794575060740
r_fy = 1917.341981391412
r_cx = 978.0987810362845
r_cy = 598.3637896639764
r_k1 = -0.447441627431729
r_k2 = 0.270363885260030
r_k3 = -0.068076999198103
r_p1 = 0.000812872676857
r_p2 = 0.001077810656806
# translation between cameras, in meters
tr_x = 0.4129784450489922
tr_y = -0.0058885085059490
tr_z = 0.0000337644648471
# rotation between cameras
rt_11 = 0.999792356761562
rt_12 = 0.014694749710781
rt_13 = 0.014114117637624
rt_21 = -0.014705601526619
rt_22 = 0.999891645550221
rt_23 = 0.000665163597689
rt_31 = -0.014106333503107
rt_32 = -0.000872633834369
rt_33 = 0.999900119944632

## Disparity Parameters
p1 = 32
p2 = 128

## Probabilities Parameters
out = 0.15
out_sky = 0.4
# add up to 100%
ground_gne = 0.36
object_gne = 0.28
sky_gne = 0.36
# 
ned = 0
# add up to 100%
ground = 0.33333
object = 0.33333
sky = 0.33333
# 
ord = 0.2
grav = 0.1
blg = 0.04

## Stixel Parameters
column_step = 5
median_step = false
epsilon = 3.0
range_object_z = 10.20
width_margin = 0
max_sections = 50

## Disparity Parameters
sigma_object = 1
sigma_ground = 2
sigma_sky = 0.1

## Road Estimation Parameters
range_angle_x = 5
range_angle_y = 5
hough_accum_thr = 25
bin_thr = 0.5
# in degree
max_pitch = 50
min_pitch = -50
# in meters
max_cam_height = 1.9
min_cam_height = 1.3

## Camera Estimation Parameters
sigma_tilt = 0.05
sigma_height = 0.05

## Display Parameters
max_dis_disparity = 30
